858 num 55555

85155556 55. sleswigensis 60.
11555655 555. 1455155515 186.
8555555655 555. 8151555. 576.

’11556515 857. 858.

riui, 751555 446 447.
flavia 745-747.

8555555655 555. 115555.. historiens Franco Aquensis 864-867.

568. 610.

855555551554 87. 88.

8115555655 55555515 1115555515 561. Frenis 457.

8115555655 55555 35.
8111555655 55. 8515155. 103.

8516551555 i 5555155 Bran. 507.
8565515551 5555155. 05155 163184

111155555655 prior S. 11155. 85515. 576. 198. 886. 835. 894. 896. 900. wi.

679.

314. 316. 696. 407. 480. 488. 518-

81155555655 555811556518551551. 515. 5551115555 55611555. 879.

366-388.

11165515551 5555155. 1155655555. 567.

85551555545555155570. 511555155. 8516565551 5555155. 85155555. 478.
1655555655 55. 1715515555. 197. 568. 8516555551 55. 8515555551. 164166

838.
1151555 5551156515551551551. 576.
1651151551 5555. 713.
1155151555 55. Gamerae. 28.
Erasmus 55. 8155155515 45.

8555 51. 61155.

8555 5555555155 05555151 558555.

618.

Eribo, 115555 555. 8515555155. 573. 610.

11555 6555511515555155 586.
85155551655 511551555551655.
85151655 5515551655.

11655555 55. wirziburg. 886. 893. 807.

&manfridus 55. 8565555515 70.
8551551655 555. 8551555155. 567.
85555155 Π dux sueviae 35.
855515 dux 557.

8555155555 55. (15555655.
8511555511 784.

Ι 1155551551Π 5555 531. 549. 551.
85555655 55. Parmensis 136.
855555555555 55555. 899.

11555 555. 8. Petri wirziburg. 568.
[51555155 5155 746.

85555651 555. 85555155, 1555555.
8. 8511515 5555 448.

8555655555 55. 5565155555.
Pennana 55555515 881.

8555155555 55.Τ5555151655.

8. Fidis 5551. 8555. 688. 686. 715.
Firmani 5551165151555, 8555.

510.
8516551555 55. 1556155515 361.
8565515551 55115555155155515 103.
8516551555 555.(155551155515 578
8516551555 555. 1155555555 579. 610.
8516551555 1 imp. 551. 556. 639. 841.
6516551555 11 (iux 55515155 51815155
8516551555 (iux Saevino 308. 310. 318.
384. 396. 583.
8516551555 551. 5555. 887. 888.
851651555 1505155151 55. 8555. 885.
8516551555 5. 878. 5. 641.
8516151565 384. 386.
maingenae· 55555555551158555155,
8111555655, 1151551555 1.
15555155 738.
8555551655 555. 8. 1155155 578.
1155151155 555 S. 16155. 8555. 537.
851655555 99. 396. 396471.
851515555515 55. Am.
85565565 5511551555
8155555 vel praepositus 166.
G. 5555555155 55515 85155151 (183) 139.
(inienuus 551155.
(155555 5555 688.
(15515 v. 0555155
05561655 5555155. Paris. 159.
(1551565555. 0555555555 156157.
0555555655 5555155. 85155555. 70. 79.

141. 509.

 

