runsx 0111111 853

(1055110111 00.(1010101111011010 472. (1100501110 010001011501111579.
005050101011100.001010111011010144. (1100111 rex ng. 735 -737,

161. 240. 953. 503. (1110010 626. 627. 685. 759. 0115100.
(1055010110 11 00. 91050101. 408. 1000510.

(105050101οΙ 00. 1101105011. 29. 561. (10051010 00011010101010 44.
(1050501010 00. Tridentinus 307. (10010110 99.
(1050501010 007711015110. 17. 398. (100010 31.

399. 402-414. 520. (1010501010 00110100101010 (368. 369.
(10505011 01000. 502. 371379. 376. 3787). 407. 408. ’
(10505010107701001111010011010 625. (1000501010 eomes 897.

(105100 11. oddonis 471. (1015501010 001100 715.
(10501010 055. castellensis 569. (1010501010 praefectus wirziburg. 410.
(10100110 II 0000 322. 348. 515. 548. (1010111010 0105100. 710111. 408.

550. (1000111010 00. Ρο11011. 40
1101011110 472. (1010711010 055. Adurunt. 573. 735.
(1010101010 001111ςο 736.

b. Georgii 0001. 80115. 382. 838. (1010111010 055.(10110011500574.
(10000 05500000 711501οἱ0 569. (1010111010 055. 1111οο10569.
(10101010 01000. 1010000511 111010001. (1010111101000.553.

889. (1010510110 011, sensti sepulcri 0010
1101011010 ux. 0011001111 557. 570. uetus 177. 180.
(1010110ἰο ux. Andreee 11 reg. Ung. GodsfridusV dux 501501. 111. 257.

ooo. 01100111 111. 01101011 orooro.
(1010111010 00105000 558. 394. 355. 356. 396.

1101501010, Gerendus presb. oerd. 0001. (1000110010 11010510 472.

Rom. 399. 402. 409. 419. 420. 428. (1010111010 eomes 272.

439. 1100501110 055. 1110101010. 471.
(1015111000 01. 0010. 8. (111011 442. (1100001110 05511105011010. 579.
(10101010 0011. Aonii. 438. Gorgeugis, Ghoeegowu, 1100051010 -·
(101501011001011100015010101524597. 663. 664. 786. 798-809.
(1111501010 (10.1,01001011010 355. (1001101111 1155. 77101105. 578.
(1015010110 00. 1101005110. 291. 299. (10011110 055. 8101105. 578.
(10111010 0030101110 45. (100111 eomes 498. 509.
Gerendus 00110001Ιο1υο 45. (110001οί0 0011.Ι)0111110110111
(1015010υο 00. ’1111101010 479. 1 (11001010 784.
1101501010 001100 578. Gratianus, 51. Petri Leonis 971.
(1101011110 655. 669. 798. Gredingin 171. 172.
Gerungus 055. 1111111100 579. Gregorius 11 0000 165.
(101101007724. Gregorius 711 0000 44. 03. 84. 88. 91.
gilde 298. 97. lor-111. 199-130. 133-135.
(110010 01. 0011110111 35. 143. 153. 158. 159. 214. 216. 917.
(1100010 ducisse steriue 559. 220. 294. 245. 954. 973. 990. 399.
(110015011υο 00.Τ10001101010 45. 330. 339-315. 499-501. 503. 504.
(1101150010 055. 7711015110. 579. 547. 548.
(110015011αο 01000. S. Petri Bemb. 554. Gregorius vm 0000 889.

553. Gregorius IX 0000 535.

 

