856

mnu mun

Honoiiue 11 5555 855. 857. 359. 886 15555555 XVIII 5555 98.

-387 899. 400. 405. 410-415,
418-423. 425-428. 480. 518-520.
549. 550. 654. 751.

Hoeterhoven v. Osterheven.

Honemennns 55. Spirensis 103. 127.

11555555 55. leunensis 45.

Rubenius ep. Lunensis 425.

Engo pr. 5551. nt. apostolorum 949.

11555 05501555 presb. 5551. 111. 8. (115-
1555115135.

Ilugo I archiep. Chrywpoiiinnne (Bi-
55511555) 44.

Euge III 5555155. 8155511555 159.

Engo arehiep. Lngdnn. 144. 159.

nugo 5585151555515 307.

Ilugo 55. 0511155515 45.

11555 55.(1555551555515 44.

Hugo 55. 1111515555 136.

Euge 55.(1555555515 30.

Hugo 55555 015515555515 252. 506.

1155555555 1155155555. 579.

lingo 55555 Τ15555515 860. 861.

11555555 55. wilelmus.

Huni 51155551.

11555555, Η1115555 55555155 680. 768.

8. 155551 5551. Bamberg. 546.

81555555 05555515115555 92.

1555555 5555155. 0555555515 627.

1555555 55. Faventinus 486.

155555555 555. Rubenius, Gonredue.

151515 8. 51.

1555355555 329.

1555151155 55. 1555555515 85.

1105551555 5111115551055.

1551155 55. Ρ5551555555515 103.

1555155, 1555155 55. wirziburg. 578.
691. 692. 741. 51. 85555155.

imbrice 555. 1115551515. 568. 610.

Inferius 555551. 1151155. 592.

Ingelbertue marchio Foroiulienein 185.

1555155155 245.

lngo ep. Baineoregeneis 45.

Innocentius 11 5555 855. 419. 420.
423-482. 440. 442-444. 518-520,
522-527. 549. 550. 719.

s

15555555 55. 05655515 418. 419. 428.
1555555555.Ρ551555515·544 5503.
15555555 55. 8551555515 44.

15555555 55. 75555155. 503.

15555555 55. eard. tit. S. 65551155 849.

15555555 5555 8. (1555555551 359.

15555555 55555. eud. tn. 8115551 44.

1555555511558.1155155155551565555
275. 279.

15555555 eund. S. Ρ5155115555 275.

15555555 IV 5515. 45511 30.

1555555555. (1551511550151551. 194196.

Iohannes 55. 61551555 44.

15555555 1 5511555τί5555 86.

15555555 11 5511555νί5555 824. .

15555555 55. Ρ55555515 44.

Iohannes 5585555515 44.

15555555 55. 855555515 44.

15555555 55155551555515 44.

15555555 55. ’1155511555 44.

15555555 55. ’1155155515 45.

Iohannes 55555. 11555115. 668. 798

Iohannes 8555515155 184

15551555 eard. (1155. 8811551555 51115-
51551 425. 426.

15515555 5555155115515155. 288.

imbertus 555. 8. 11155. 115555. 579.

1555155551 55151155 577.

1515, 5155511. 51. 52.

1555551, 14515 dux Apuliae 8738 559.

ludaei 175. Iudaismus 175.

ludite 555511515511 Imp. 590. 591.
598. 826. 827.

indite 11115 7155115151 dunin 1155555155,
nx. 1715515151 1155515551 (Innio Poie-
5155 825.

15115 617. 618. 629- 631. 688. 639.
646. 649. 681. 767-770. 784. 785.
787. 818. 819. 822.

151155 1155555618 649-651. 819. 820.

Ine ep. (lumniensis 156157.

iwanus 55555. 684. 685. 822. 828.

15510.

1155555555 55 8551551515 498.

1111555555 655.

 

