860 mm 66666

Ρ66166 666666 627. poppo 6616. 6665616666 494 562.
666 Dsi 441. Poppo 66. 86665. 560.
Ρ666 6. 791. 86666 66 1161166616 169. ·
Ρ66666616 6616566666. 866661 66. 1716665666. 568
Ρ6666 v. Bsnno. 7666611 emmim. 471.
Ρ666666166616 66. Petrus. Ρ6666 655. 8. Burei. witzinum&
Petusium 281. 547. 66. 0671616066. Ρ6666 65566 576.
S. Petri 6661. 1611666616 689. 640. 816 86666 6666666166 558
11666616 651. 878. 76666 66666 6. 560. 5. 579.
88. Petri st Georgii 6661116665. 268. Populonia 160. 6676661616.
894. 479-481. 545. 546. 550. 554. portuenses 66616666666, Ρ61666.
642. 61. 5. Georgii 6661. 66665. Ρ6666666616,1)6666666661666166666166
Petrus 66. 4156666616 508. 626. 752.
Petrus (06661661) 66. 06666616 44. Praenestini 666. 656666, (1615616666
Petrus 66. 1661666616 275. 848. 427. Paga, Bngn 626. 751. 6664661566
Petrus Pisanus 66. 6661. 425. 426. 166166661666, 1166666666, legiis
Petrus 66. 666666166616 45. hardus.
76166666016116116 0661616661644. vasningsn 6666. 716.
Ρ61666 6616616666661644. 2666616, hassi, Prinne· 618 745
Petrus sp. 76661666 194. -747,
Petrus sp. Ρ666666166616 45. 66661666 758.
Ρ61666 66. 44. R. 666666 (16 civitas 446.
Ρ61666 6666116666 6666566111 66. 618. 1166566166 66. 1611665666 28.
Petrus Lateranus 666661 1166. 442. 11666, soto 655. 811165. 66665. 561.
Petrus Leonis 271. 272. 567. 566.
Petrus 771661 747. 746. 1166561566655. 8816656617716615576
Philippus rsx 558. 1166616 666., 666611616656666. 576
Phiiippus i rex Frsns. 241. 8616666661 6616116166 27.
pistores: 776611 mon. 8. 816611 568. 1161166666 24. 165. 258. 586 561. 592.
776611 mon. S. 11165. 86665. 569. 602. 716. 6667761116661606561666·
Piisgrinus 6665166. 06166. 569. dus 1, oso, 1166161666 1, osmi
Piigrimus 655. 8. 8666166651 7716615. 1161661666 1.
569. Ravenna 288. 66651666. nmium,
81616666, 8161666 628. 754-760. 762. wigbertus, 1166116666.
Pisani 180. 66651661161566166. Reatinus 66. 06666166.
Ρ16666116 368. 416. 666. 1116616166, 8616610661 6665166 1166666616 159.
66166111. 8666661066 66 8606666616 185.
Ρ1661166 66. 7666166616 45. 8661661066 6661656161. 476
Ρ1611611 688. 8661661566 655. 8656666161 568.
Ρ61161666 v. 861661666. 8661661066 vis nobilis 546.
Ρ616616 590. 568. 626. 627. 647. 668. 8661656666 6686166166616576
670. 665. 745. 748. 752. 758. 824- 1166165616 666666 s 496. b. 557.
827. dux 656. 6. 571. 577.
Ροι666166616 745. 1161666166 666666111817ω661165ω.
Pontius 655. cluniacensis 806. 654- 66166666, 66166666 wei 88166661·
360. 1161 6186161 275. 849.

 

