11111111 RERUM 0000140111011
55515515 5111555555 5511111151.

-n--t—

Δ. 55106. 5001111555 516. 55551-
15555 1151115151 (1111155515 139.
Abraham 55101515555515 472.
11501555 55. 4515111115 45.
Achiva 1555 135.
Adam 5001105555. 578.
Adam 500. 0555115115. 569.
40515 eomitissa 577.
40515 ux. 45100515 32.
40510555 51. 4051055155.
410555 5550155. Τ55115. 528. 529.
40510555, 40510555 55. Β11510. 38. 557.
562. 568.
= 4051055511 55. 3551155550 2830.
40510555111 55. 3551155505 451.
40510555 op. 351111151ιεί5 29.
40510555 55. 055οη555515 25.
y 4051055517 ep. 1151155515 234.
40510555, 410555 5517115ἱο1155. 66. 67.
70. 95. 109. 137.

40510555 abb. 3555. 573.

40510555 500. 715515550551111. 575.

40510555 nomes 52.

4051051551 555015535515511515 56.

40510555 11 5550155. Β5551. 409. 423.

4051055155 5550155. 1155050555, 500.
wizenburg. 471.

4051051551 5550155. 1155550555 259.
260. 272. 291. 307. 311. 312. 314.
316. 322-328. 386. 396. 998-400.
402. 406-414. 417. 418. 422. 435.
448-452. 518-522. 524. 527.

4105511111 55. 1151155115. 45.

4051051155, 4051055155 1551055628
665. 667. 671-674. 678. 806. 817.
(capellanus 35155151111 055 Polou
7891).

8. 4051055155 55. Pngensis 618. 51-
1555 670. 5551. 815115. 651. 674. 810
814. 815. 86. 1405105511 5177155151
5551. 15115. 639. 650. 681. 682. 819.

4051055155111 55. ’1005511555 576.

4051055155 55. wormatiensis 508

4051055155 abb. S. 1155555551 568

4051055155 500. 855105555515 575.

4051055155 50055 5. 566. 0. 578

4105515555555551155 558.

4051051015 mon. 3. 11150. 355ιο. 687.

4051055155 marchio 664 799. 804.

41055155 eom. (15 35515 560.

4051055155 471.

4051111055 500. 8. 1155511111 574

4051551115, 4051555 5550155. 115505-
0515. 201. 292. 316. 510. 579.

4051051555, 4051051555 500. 8. m
Β5150. 552. 571. 589.

40510511 5551111555 05 35510515 578

40510511 eomitissa 05 7151155550 5⁶3,

4051051055555545551011551511555715

405105105 155155 01151115 1 55. 35150.

1105551515 579. 733-737.

41151155 55555 560.

4555115 05 0055151497.

45505 51. 115105.

 

