5555 55555 855

Heius-icus IV 155. 38. 42. 59. 61. 65. 5551555555 5555155. 5555555. 562.
68. 73-80. 87. 92. 98. 100-102. 5555555555 555555515υεί5 307. 388.
106-111. 125. 138. 138-144. 146. 444-447. 507. 832.

154 155. 160162. 166. 188. 110. 5555555551 55. 5555. 7088. 91.

172. 176. 182.189-194.200-225. 93. 548.

230-234. 238. 241-246, 250. 309. 5555555555 Π 558555. 551. 558. 572.

329. 380. 394. 498-502. 505-508. 5551555555 5505515115555 (115555-

545. 548. 550. 552. 553. 590-601. nensis) 44.

708. 826-838. 55555555555.115115551585.103.126.
55151555 V imp. 182. 2274-231. 233. 141.

242-246. 250. 251-260. 268-277. Burmannus 55. Prng. 324.

279-284. 281-291. 295. 802. 305 5555555555 555. 8111555555. 553.

-315, 821. 323. 348. 353-365. 367. 578. 678. 731.

388. 385. 887. 888. 394-897. 406. 555555555 555. 5515155515 570.

407. 505-508. 512. 515. 517-519. 5555555555 555. 0555. 569.

522. 545. 548. 550. 554. 558. 595. 5551555555 55555. 8. Petri Bsmb. 498.

602. 114. 5551555555 (1551555155 38.
55151555 VI 155. 558. 841. 5551555555 palatinus 65 5555151576.
55151555 555 (1110555111) 183-785. 5551555555 11 5555515 Bsdsusis 576.
5515515551 sss Augl. 259. normannus marchines.

55155555 11 dux 85555155 559. 5551555555 ds Winnsburs 295.

55155555 lx dux sturiss 176. 896. 5555555555 55555 212.

5515515555 dux stsrius 530. 5555555555 472.

55151555 dux 55555155 713. 55551655 55. wirziburg. 575.

1151551555οΜ55 555. 5158555515 171. 55551655 55555 627.

183. 55555555, Stephanus 55. 5515555151.
5515515115 pstor 1155555551 1 5555155. 163164.

salzburg. 571. 55555 55514555511555515 353.
55155555 55155515 366. 55511 55. 5115555515. 106.
5511155551θί5 574. 555515 5555555 Aquensis 263-267.
5515551555, 55155555 555. 8. 11155. 55511555 559.

5555. 553. 519. 55551 55555 s 471. 5557.
5515555555 555. 11555551. 558. 570. hiemalis domus 187.

55155 ux. Boethii 458. 5565551655 55. curiensis 412.

5555555551155551515555515 587. 1155551655 55. 7755551. 471.

5555555555 124. Hildebrundns 5555155. capuanus 44.

Herburdus prssb. st 555. 811155. 5111155555 55555 572.

5555. 518. 692 sq. 511155551555555 555. 5555555155,
floribertus usuhisp. Colou. 28. 29. 475. 55511, 8555556551.

479. 561. 5511555655 55. (11555515 29.
5551555155.5555155.25555555 494. 55551155 55. 1155155555 28.
55555555 55. Mutinensis 70. 141. 142. 5115151555 555. 5555155515 472.
555551555558555555. 570. 515555ςί5 606-609. 620. 688.
floribertus 55555 411. Hispanis (Asius) 178.

5555551155 5555155. 1155. 480. 515515 nutrix 559.

5515555655 55. 55555115. 411. 55155555, 55155555 660. 188. 794798.

 

