55555 onnon 849

3551515551 5535511555515 408. 54515551551, 51555555, 35111551·
3555515355 55. Τ51155515 38. 39. ons Ι, 4451555511.
3551551455 555. 7711515513. 567. 3551155555, 35551555οωί5 episcopatus
3551551055 prosp. 558. 636. 753.
3553551555 (15 3551515355, dnx Aln- Brixis 416. 55. cuono.

msnniso 503. 3515155 1155155 133. 555. 45515555,
3511551555 11 dux Suoviso 161. 503. 5115515555, Engo, 3551555555.
3551551555 dux 0551515155 47. Bruningns 551). 3551555555 574.
3551551555 55555515 1515155 560. ano 11 555515505155. 453.

3551551555 nomos 5. 406. 5. 568. 355555155155355515. 335. 360. 363. .

5. 577. 368. 369. 373. 375. 378. 507. 508.
35155151571. 35555 55. 35555115 403. 433. 434.
3555115515 51. 5555511 471. 559. 574 734.

3155 55. Τ51155515 103. 133. 169. Brun 55. sagnatonis 39.

315555 5555. 713. 35555 55. signiensis 503.
31555 343. 351. Brinno 55. Spirensis 360. 361. 335383
315551151, chrysopolitani srohiopp. 406. 407. 517.

35551, Engo 111. 35555 55. 7555555515 103. 136.
31155555 196. 3555 55. wirziburg. 561.
355155555 555. obiso, Wornhorns. Brun 555355553155515 569.
3551555, 3555555 presb. 681. 683. 830. 3555555555 735.

831. 35555555511555515511551555551539.
35555515, 355151 446. 647. 746. 789. 3555555155 55. 3553555515 103.

3555515515 nomos 751. 35555551551155.3515555151.55.103.
3555555155 1155Τ555511 180. 355555555111 55155555555. 103. 136.
Bogusinusl dnn Pom. 837. 338. 355555555555.115555155155515395.300
3511515553715511515553555555555)1155 307.

Poion 590. 750. 835-837. 3555555555155. 17555151. 33. 39. 475.
351551555, 3535155511155535155155 Buroinstdns 11 55. 7755551. 304. 305.

173. 577. 617. 619. 636. 637. 630. 397. 517. 579.

646. 647. 668. 669. 685. 739. 746 3555555155 5551155515551551551. 573.

-750. 753. 753. 770. 771. 773. 3555555155 555. Sumsit. 567.

775. 776. 786. 789. 803. 804. 834. 3555555555555.315151551. 571.
3. 3551155155 165. 3555555555 mon. 314155. 35155. 541
3551155155 55. 5555. 111. 3115551 375. -543,

349. 35555555 471.
3551155155 55. 4155555515 43. 355555 5555555 753.
Boriwoy 11 dux 35555155 507. 1 35541555 55115555 333. 365. 548. 549.
3555 473. A 3555151555 heresis 515.
3515551515, 415515551515,1.5515-3515- Burgundio 93. 547.

515 613. 615. 641. 734. (1. opiscopus 453.
315515155511 (15535555155 168. (1555555515 55155555155 753.
Brsndonborgonsis 55115115. 1(15115155115555 308. 914. 348-365.
3551151555 577551151555. 384. 387. 388. 407. 490. 516-530,
3551515555 407. 548. 550. 595. 633. 637. 635. 718.
3555555555 55551555. 3551555555, 733.

imi, Biblioihsos V. 54

 

