muux anun!

1636636666 6676666166616 136. liudulfus 66166166161471.
1161666666666. 1161666161. 166. 304. 81161666 66. Τ6666661666.

807. 314. 609-613. 616. 610. 116316, 1161166616, 1161666111166661666.
36366666666, 3616666666 66. 171661- 684. 746. 811-813.

6663. 634. 668. 1161166666 66661661163666663. 616.
8631666666 666. sigeberg. 678. 611.
uegennoruuors, 363666666666666. 1166166666, 11636666661716616663686.

713. 398. 399. 407. 613. 610.
1161666666 66666. 6666666611 Hiero· 36336666 666. uun 671.

661. 389. 390. 1166366661 666 81611166 441-444
11631666166666 81131611 177. 180. 11636666 6666. 66 Ariane 443.
1161661166 66666 Allifanus 441. 3666666166 6666811666611176.
Remi 163. 366-366. 6666166616661- 3666666, 1166666166, 1166166666, Ru·

766, 1161661666 1. neuuilit 196. 440. 666166 66. Β666.103.111-114.136.
Bonus 1. 136. 139. 140. 141. 168 170. 176. 176.
66666116 696. 188-193. 199. 601. 663. 668. 671.
111666666661166666616137146. 146. 696 606. 711. 818.

161. 606. Rubenius 66. Faventinus 174.
1116666666 666. Fului. 661. 1166661661 6611636666616 169.
1116666666 6661166616. 674. 36666666 66. wirziburg. 130.
1116666666 6668116616611666161. 669. 3666666766 666. 8111663666. 661.
1116666666 861666616 694. 689.

1116666166 66. 7166666616 103. 3666666166 666. 8666666. 668.
1116666166 666616686666666. 161169. 3666666666 rex 16. ·

16616666 66. virdunensis 169. 134. 1166666166 11 dux Nomnnninu 168.
31661666 ux. 16166611 171 411. 419. 7166666611 66166666 066666 441.

431. 434. 461. 661. 668. 671. Ι1166666166 11 666116666166180. 101
1116161166 66. Τ6636611666616 30. -116, 167. 607.

1116161166 161666 669. 1166666166 666116616666166 180.
1116116666 678. 1167666666, 3666166666 6666166. 116-
nofredus 661166666616 46. guntinus 168. 174. 176. 130. 134.
116166666 66. 8616166616 44. 137. 140. 143 147. 149. 160. 161.
861666666616161616666 136. 607. 611. 600-601.

11666616 148. 601. 1161666666 66. 0666666. 471.
Romania (16166) 177. 181. 1666666666 666. 16366616 471.
Romanus 66663116666111313. 1166616, Β6116616,11616661746-748.
1166616666 66. 06666666. 1166666166 66666 181.

Bous! 641. ¹ Ruzulinnn, 1166111666, 1666611666 187.
Rothi 66116 716. 116666 66668. Laurentii 176.
Rodum· 6613661666 46. 6661666666 666. Iohannes, 0661166,
1166661766 666. 66 8666666666 471. 0666666666, chuonradus.
Rodum· 66666. 1661666 367. 371. 373. 8661666666 66 11661666

11666116 666666666 0116616 1 66. 8616666666 666166666666. 471.

3666. iul-733. Salernum 143. 443. 648. 6666166. ΔΙ· ·

Rodum, 66361 6666166, dux 8666166 616666.
116. 180. 601. 661. 86766617 181

 

