850 00000 nunus

0011100010 00. Engo. 001an 001001ομ 647. 736.

cameratum 202-225. 257. 0001101- 000000οἥ0 242.

000000, 000101000,7701000000, 110· Oinone, 0000000000 00. Sabinou·-
nesses. 413. 423. 425. 426. 442.

000001000010 0011000. 00000001 0000100. seguntinus 341,

001010, 000100, 00010, Gemino 628. conradus 1 000010030100000301. 314
623. 646. 683. 762. 763. 765. 837. -317, 388. 437. 433. 440 452
000. 1100100000, 000100001. 528-531. 570.

00000 323. 0000100.1111000100000 0000000011 0000100. 30100000. 576

00001010, 1101101010 453. 602. 607. 00000000 0100100 Beni). 557.

608. 734. 0001000οΙ 00. 0001000010 837.

(inmotum 15615700000001000, 100. 00000000 00. leunensis 136

11000100 000000100οοωο 68. 63. 71 conradus 00. 100100400010 136. 153.
-76, 78-80. 0000100001 00. intends 400

Κο001001 imp. 561. 00010000 00011100011010. 833.

Carolus (iux 001000101472. 0000010000 000. 3011010000. e. 563.

entellum Felicitatis 261. 0. 572.

000101Ιο000 (iiphernensis) 00. Heri· cuonradus 000. Seutnrensis 574.
menone. chuonradus praep. Aquensis 262.

coenum 000οο110ιο 281. 0000000 praepositus 558.

001000000οἰ0 00. 0010010000. 00010000 enetos 0001. Trevir. 535.

Gentius 00. 3001000010 275. 0000000001 rex 547.

0000100 terti. S. Chrysogoni 323. conradus 11 imp. 34. 35. 501. 545. 550.

0000000000000000010. 557. 561. -

0011000000 00. 301001000ἰο 23. 1 00010000 111 sex 324. 415. 416. 413.

0101100 571. 442. 523. 528-531. 551. 554. fiee

cinenses v. Naumburgenses. 641. 733-735.

0100010100 463. 713. 714. 721. 0000010000 0οκ 00 11000000 576.

0101000 castellane 281. 000. 10000,- chuonradus 10000010 566
10000000. , 00000000 Spore 406.

01000100 0000. 626. 647. 751. οο001000100000000.0000οι00011,1,00-

0101000011 0000 562. 576. 00000,Ηοί00,11010100,00001,0000-

0100000111 00110000 42. 141. 144. 001000111010001010001000010100011.
145. 150. 153. 154. 158-161. 163. constantinus ep. Aeeiinns 141. 142.
174. 175. 104-136. 245. 330, 0001100 777-773.

0100000 ΠΙ 0000 833-841. corbini 1100110 00. 00000100

0100000785-787. 0000100001010000 cosmae archiep. 0010000010 465.

0100100000 453. 548. ordo 713. 713. 0000οο010 0000000010

0100100, 01010110 coen. 610. 714. Cremona 416. 00. 00001000.

Clusinus 0010000000. · 0100000000 00. 8001000010 351.

colonensis 0000100000οιεο 0000000300 dieo 0001. 1100044

0010100000 0001100. 173. 732. 0000000 00. 41000000.

Colonia 143. 246. 314. 324. 451. 007. 0000100000 00000000 ennensi· 31.
0000100077001000, 1100001100,Νο cunigunde, 1100000000, couniens
grinus, Anno, sigewinus, 0010001- ux. 1101000111 33. 35. 37. 431. 550.
0001, 300οο 11. , 561. 562. 068. 583.

 

