66666 666666 861

06616661 6666111666 667. 6666666166 11 6666166. 66166666. 666.
06666166, 0666666 6661666606 016666 6666666066, 66666666066 1 66. 3666.
667. 670. 39-34 37. 476. 479. 649. 660. 669. .
0666 61. 06666066. 669. 676. 639.
066666, 0666 66. &tenentium 996. 666666606611 66116666. 633. 661. 664.
309. 314. 999. 994. 396. 619. 669. 674.
0666 6666166. 166616. 31. 6666666066] 66. 61666161. 931.
0666 66. 66666116. 966. 966. 6666666066 6611666666. 940.
06666 66. 6616166616 136. 6666666066 66. Tridentinus 673.
0666661 66. 66116666. 679. 6666666066 666. Pruvening. 566.
06666 dux 716. 6666666066 666. scaturentia 310.
066666 eom. 661. 69. 499. 6666666066 66666 669.
0666 61166 0666616 471. 6666666066 61666. 6166, 66619.Ρ6161
06666666 666.111106661066,.11606161- 36666. 401. 409. 646. 661. 664669.
6661, 116666606611106. 673. 697.
0666611666 66. 66661166 6666660666669.11166 66666. 666.
D. 61. Τ. 6666660666666066661661116616666.
D. 66666616 47. 666. 997. 497.
1166166 6666166. 1166066616. 96. 99. 6666666066 66616 466.
431. 1166666666 794.
1161666166 6666166. Pisanus 177. 136. 11666 66. 1166666666. 103.
11666, 116616, 11661993. 669. 666. 667. 6666 666. S. Petri 679.
676. 746. 301. 691-693. 6666 6661160616661661661. 673.
66616666 abb. S. 661011 1166666666. 666 mon. 6. 11166. 11666. 671. 66066.
674. 9. 661011 666601666116666666616 606.
naudaeus 66. 1166116 0666161 46. 6661011 6666116 3666. 604. 614. 736.
6661066166 66. 6660. 111. 3. 0666166644. 6611666166 6666166166616197-133.
1166106666 6660. S. 96666016 349. 169170.
61061066 6671666116. 136. 6611666166 6166166 4660616666, 66.
11161666Ιο66 eud. Iohannis 6196611976. 6666. 437-499. 691. 6616114669.
1116666106666.6660.111Ρι66666611349. 6796711699.
1116661066 6666166. 1161116166. 136. 6611666166 66. 6606666616 99.
1116661066 66666616 713. 6111666166 66. 1116066616 109.
1116616166 66.Ρ16666116. 136. 6611666166 66666. S. Petri 611616184-
1116166 66. 6660. S. 11661161 ut„ 6661111 136197-199. 996. 947. 664. 667. 697. 0
976. 349. 66661666 6666116166 9316666061166.
6601666616 16666 646. 647. 6101006666. 6166616166οι 666. 6661661066, 116616·
1166161666 111 6616. 1166066616 44. gnadun, (1666660661, 06606666-
1166161666 6666666616 44. 66611, 0061616661, 0116.
1166161666 eminentis 763. 61666 61616
11661666631611666616 631. 639. 779. 66666166 6166166. 166616. 479.
66666666 667. 66666166 66. 196666. 636. 666.
11166166 660. 66666166 6611661616666616 437.
Β. 66. 93. 66666. 931. 6661666166 abb. 9. 11166. 66666. 669.
6666660661 6666166. 66166666. 663. 689. 690.
671. 673. . 6166666666 abb. 6666666666 678.
. 54,

 

