OEDEX RERUM

Agnno 6545555155155555. 44.
8. 455156 555. 8555555155, Η555555.

847

455515155 11 5555555418. 421-431.

442. 443. 448. 549. 550.

Agnos nx. Η615551111 38. 47100. Anugniu 248. 601. 834.

239. 579.
Agnos pslntins 715.

Anastasius pr. ourd. to. 8. 0155565116

275. 349.

4155655555 diuo. 5551., 5555611. Rom. 45515555 65755165765515 451.

425. 426. 527.

41555055 65. ruossano 44.

4155555515, Alamanni 311. 421. 547.
590. 823. rognum 734.

Albo, 41555 1. 626. 751. 789.

4155565515 55555556141. 555. 8551-
iunius, Petrus, 1115555155, 7115115,
115155555.

41555515 65116555.

47565565 nr. 1155555551 555555. 66. 67.

41565555 55. cumanus 30.

47565556 55575555565515 571.

41565555 5556115555 28.

41551555 65. sabionensis 472.

41551055 555. Somni. 572.

Alhnoh 604.

415515651615 5.Β516551615.

Aibwinns 55555. 658. 600. 661. 796.
797.

Aldo (1155. 88. 85551 57855151 275.

4155555155 11 5555 45. 48. 54. 58-62.
64-66. 68. 77. 85. 134. 159. 230.

Alexander 111 5555 534. 552.

4165550556 dur 317.

41551551 imp. 05565. 290.

41115555 6545551515.

41555 dux, 15. 05155551 rogis Ung.
172. 732.

41555555 5555155. 85755511. 44.

41555555 5555. 714.

4155516556 droam· 471.

Aitsnburgonsis 5555 622.

45555555 65. Potsriensis 126. 503.

4115555555 555. 8555555. 576.

4175555555 555055151165515 569.

4115555556 65. Β555555. 136.

Amantius diso. suoi Rom. 44.

Amorbnosnsss 609. 620.

Ammo 472.
4555655555 villo 599. 832.

8. 45515656 6551. Rom. 425.

4551515555 55. 26561555. 45.
451555 fl. 714.

4555 5555155. 05155. 46. 69. 579.
45515655 55. Τ551651. 29.
Ansirodns 5555. 472.

4555155555 11 6515565515 144.
4555615555 555. 85115151. 566.
4551551555 555. 8655565151. 567.
4555615555 Spirensis 583.
Antiochia 177-179.

5555551555 707.

455555165515 65151555.
455115 248. 601. 55. 7711615555.

Aquileienses 438. 439. 714. 551555- .

5556 1555556517, Poppo, Honrions,
Gornrdus, Egilbsrtns.

Aquensis 65. 455.

5555155 5551. 1155551. 76. 5551. Rom.
419.

45651515 op. 41115556 45.

Arusini 280. 65565555 279. 280. 55.
Constantinus.

Argenuus, strasburgenses 255. 256.
322. 353. 855. 402. 409. 5551165·
1565551355, werinharius 1, 7765556
rus 11, 0555, Brnno.

Aribo, Arho 5555155. nogant. 36. 561.
589.

45515 279.

4551555515 5555555155 282.

Arnoldostoin 714.

45551555 55. 85555565. 136.

Amoldns 65. Cremonensis 136.

Arnoldus 11 6585155555 396. 407.
557.

45551056, 85151155 555. 8515155516 607.

4558555155 655111556716151. 579.

Arnoldus 555. 77155555. 575.

 

