11111 11161· 867

11116 eomes 498. 66161611 116618116661111116669.
11. aemes 888. 616161611 11161. 8. Stephani Bemb.
61661111 11616. 6116. 8. 1111116 11111 668671.
Tiberius 1116611111 840. 6111616111 mon. S. 111611. 61111). 686.
6161111111 1611111. 1789 687.
6161111111 661 6611611166 626. 647. 61616161111111116111661111116 714.
humbertus 61. Ostiensis v. Honorius 11. 6111661611 11116116 1. 668. b. 677.
6111611111, 61166116161116111111161. 6611111111 111 161 408. eea-411. 416.
88. 29. 416. 419. 480. 488. 494. tut-429.
Lunebeim 6661716. 462. 466. 466. 444-448. 461. 462.
611661111 61. 61161111 607. 616. 681-626. 646. 660. 661. 660. 679. ,
6111111611 11161. Τ11166161111 679.· 664. 656. 667. 669. 669. 670. 678.
Laodicia 180. 686. 716.
61111-66161111.11616111611. Lubinuru 6111611611 784.
6116111116 11. 16110616. Lucenses epp. 11611661 Ι, 14116111. 11.
66611161161111.Η611116617,Β1161111- 666161111 1111 664. 868. 899.
661111, (1611111611. 6666111611 11. Nucerinus 44.
6111611611. 61961111. Luodewieus 661181111116 679.
Leo IX 1116 647. 6166111161 6111111111 86111161 11 98.
666 11. 6116. tit 8. Damasi 44. 6661111611 11 inp. 699.
616 6116. 8. 7111116 976. 6166116117 161 88.
666 11. 1161111111 44. 61661161171 161 81116 286. 664.
616 8111111111, &augentis-panem Lugdunenses muselenensium,
427. 148. 11116.

666 1161161611 11 antipapae 427. - 6611611161 606.
66661611 uel-225. 946. 268. 667. 676. 661161611 abb. Adnunt bib.
608. 611. 1161116111, asturiensi, 01- 661661111 11616616166111.

6111618116611661. M. praep. 7711116611. 682. 6611169.
666611616611, 61611166111696. 761. madelhartestorf 6611. 716.

Liebeiin abb. 8161111. 679. 1111616111 126. 666. 678. 11616611.
6161111111611161.6161161111136.169. malbertus, begine, Hartwieus,

169. 399. 696. 698. 1161111611 1, 1466116161, 1161116111,
61116111111 11. Rubenius 1. Norpertus, 7116111661 1, 7716111111.
611111616661616. magistri: 11166 116116. 642 661. 11116-
Litiirsdus ep. Novaniensis 416. 661111 coloniensis 618. 619. F. 886.
61611616 semitatus 62. 861161116111161111666.Η61611111
Liudolius 61611161. 7161111611. 88. 29. 6666161111 677. [rambertus 711166·
6111111611, 11. 0116111 6181116. 668. 161111 667. 671. 676. 11611111611
6116161111 11. 669. 811111498. Petrus (1611116161, ‹ie-
6161161111 abb. 8611111611. 610. 1166 61111). 186. 196199. 11. 199.
61611611, 66611611, 6111661111 666. Τ.0111611161111629.

667-669. 746. 790. 791. 1111161 dux 86161116 607.
6161616611111 tua. 1111111 tellus 468.
6616161111611161.11611111111660. Manassae encaustae 807.
6111111611 6161111). 669. ’ 111111161 11661161111111298.
6611161661 16116116111111677. 116161661166 6116161611 886.

 

