804

649. 660-669. 666. 667. 669-674.
677. 796. 791. 801. 805. 806.

1106010000 mora 9111059005100.
17. 566.

11010, 1110, Udo 000510010001070.
79103.

Udo 0050100010 136.

1110 055. 8. 11105. 90005. 559. 576. 590.

1000100010οι 055. 9110005101 arguar.

1100500100 apsiliae 00061100 43

11000010, ungari, 9001 539. 547. 739-
736. 745. 746.

1100 0000713.

110050 11. 97.

11000010 coca. 713.

1105000011 0000 144. 150.153.154.
156-161. 163. 164. 169. 907. 914.
916. 973. 990. 503. 504. 548.

Urbanus 111 papa 839.

1105000100 comitatus 981.

110510000ἰο 0011010001οε.

110510010000 0010000.

Uada 697. 759.

1100010, 1100010010 654. 659. 661669.
665. 669. 670. 679. 786. 701. 795.
797. 600. 805.

vadiare 839.

1010000 0. Flavi.

velabrum 831.

Vercellae 174. 00. 9000000100.

1001100000 000. 1110500100, 9001001000,
’1510100000 11.

100000 838. 0090000.

1000100010 00. 91001100.

1600000, vaiacra 00110 715.

1100005000 713.

110001101169. 00309. 0091001600.

11000000 471. ”

Victor 111 papa 548.

Victor 1v antipapa 533.

8. Victoria ccci. Paria. 986.

1100000010 archiep. Wido.

Virdurrum 355. 0001110101600901000,
Theodericus, 91050000, 9010010οι 11.

1110110 op. Albaaanaia 351.

nim 11911111

1110110 card. 8. 90151000 975

Viaca librariua 17. .

1100010000 0011010.

11000 00.00011.111.8.110010010000’11·
500100 44.

1050060000 695. 751.

volaterrensis 0011100.

10101011οι0οι 97. 66.

1010000οι 055. 110050100οἰ0 575.

10500000 abb. Hirawg. 567.

1010000000 abb. iicraabarg. 570.

1010000000 abb. Tckkirr. 567.

101000οι00 979.

’ 1010000600 055110000570.

1001101000 017οι1101000

611015000000001911005000190005.)
699.

1101050000 00. camerac. 907.

1101050001, 1101050000 0559006001.
573. 610.

110100 00100 90115000· 00 90005. 576

walramus, Goaioramua 0011000500·
'garria 967. 557.

(inaltatur 0005100 90000000 493. OE.
431. 439. 436.

1101150000 00. 80500010 98. 99.

1101150000 055. 8011010. 573.

1101150000 abb. Suaraab. 567.

11001000 0005100110100411.

110110 (1111 600 90000100 lla-lla
161. 173. 176. 503.

11011011) 11 dux 90000100 176 356.

1100601000100000000 557. 693-679.

warinharius 1 00. 10000110. 90 99.

1001050000 11 00. Amantio. 70. 90.
103.

1100050000 00. 9010100010 136.

1100050000 abb. (10100010. 578.

1100050000 055. 1100001001. 571.

1100105001ηο 055. bulo. 471.

1100050000 0508600001570.

1100050000 abb. 10 Nigra 91100 579.

1100050000 0551115111οε0οώ 571

11000500000000000060 90005005δᾶ

1100000100 935.

1100105050 171.

 

