3114113131 3331311 15

01113 Ordo 01113 03113

fflmfflm1fflmfflm

311 133 333 33 3141 333

‘ 818 118 133 133 3141 333
133 133 133 3143 333

134 143 133 313 333

133 334 331 313 333

133 144 133 313 133

33 143 188 313 133

33 143 313 131

97 320

109 142
148

321
322
323

ἓὲἓὲἕὲἕὲἓὲἓὲ

0²³3.

325
326

ἓ

ζ 133
154

333
333 133
333 133
331 133
333 133
333 114
334 133 313
333 133 311
333 134 313
811 133 Ι 313
333 131 314
333 133’ 3143
333 133 3143
881 1121- 13 8148
333 34 3143

m
223
224
225
226
227
228
222
230
231
232
233
234
235
236
231
238
239
240
241
242
243
244
245
246

 

