111)ss RRRU!

11000010 702. 0770 0171). 8701000010 610.
Ninon lii. 0770 07000. S. 11011001 070.
1110071070 (11000710) 442. 0017000- 0770 07000. 1100οο700010 570.
071000. 0770 07000. wirziburg. 383. 399. 407

1110010001 0000 340. -411,
111001ου0 11 0000 41. 46. 48.49. 100. 07701 imp. 047.

114-122. 134. 230. 047. 077011 1700 047.
11101701οιιο abb. 810117. 068. Otto 111 1070. 047.

1110007010 641. 0770 00 1107700107 (lux 80007100 47.
1117007000170000 eollo 710. 0770 dnn 8017007100 841.
1107007700, 1100007700, 1107700000 07- 0770 (iux 1407001οο 508.

00100. 1100000070. 410. 423. 420. 07701 007 8000100 07 80007100 471.

447. 449. 572. 605-657. 110700771οί 0770111 dnn 8000100 009. 063.

713. 710. 0770 0010710οο 070.

1107007000 00. 0071000ἱο 136. 01770) 000.(0080110007071 227. 228.
1107070001823. 0770 00707 07700101 00. Banb- 080.
1107107770 00. 8000100010 28. 472. 0000 170707 (100100010471.
11οο0710416. 000. 0770, 1171170000. P. 00 80070710 Penii 290.

1107100070 170. 233. 234. 433. 436. 641. Ρ. (Β.) 170100 07. 0070. 420. 426.

0. 07017ἰο70017. 8010070710 Rom. 301. 10170 0171). 8. Ennomon 321.
onumen 0139. b. 234. Pebo 0171700 073.

017100 00. 8017100010 45. 1017000070 (popae mons) 482.
odorisius 01717. 0001000010 603. Pederbornssses 00017001707100, lme-
00070 6. 629. 677. 784. dus

Ogerins 00. 10070ςί00010 160. 8000001, Patavini 162. 282. 00011110,
010000000οι 0. 11070010. Petrus.

0771100 01717. Nemesheim. 073. pegi: ’10101017 715. 70101017 27. 66.
00000000000000.Τ17107ιο0700,80000 Ρο11001007 1707000070 430.

11, 71100, Τ171071707000. 70100700 00. 8070000010 44.
Hosierhovon 610. 1077001100 001107010001044.
Osiiensee 000. 141. Peiros, 0770, Ger· Ρο010 416. synodus 24. 25. 001711·

1707000, lohannes. 17017000.

11000001 0000110 807017. 603. Parisios 286. 300. 070171001100171000.
070 07. Amulii 1070. 24. · 807700 269. 416. 00. 80707000.
osbertus 00. Loodiensis 212. 263. 008. 0070000101 24.

07701 0080701011200. 7000170110, 200771ιο0100 11 0000 196.
0770 11 00. Bono 034. 051. 002. 508. 201-225. 230. 235-237. 239. 247-

836. 837. 839. 207. 260. 261. 269-284. 288-292,
07701 00. 0000700710οιἱο 108. 302. 909. 306. 307. 309. 313. 321.
0770 00. 1110170707 840. 841. 823. 390. 430. 006-014. 048. 000.
0770008010070707400.410. 420. 422. 600-602. 711. 833-830.

448400. 521. 022. 1207001000οο 714. 000. 4170700000, Uo-
osto 00. Novaniensis 45. 00171000 1, 170010οο7700. 0000393.
Otto 00. Ostiensis v. 1170000011. Ρο0110100 00070710 702. 703. 700-707.
Otto 008060170000010108. 768. 769. 771.

Otto 0070700000010 160. S. Psnli 00170710 134. ”

 

