868 66666 66666

661666616666646664. 6666666616666.
9661666666 66. 1111161166. 96661666 179. 999. 666 669. 666.
9666161166 6661166. mogunt. 679. 06166966666166916166166.
9661179. 96116 149. 149. 966. 617. 66611666
9. 966166 6661. Aquensis 969-967. 6166166611, 9666666666, 966669161-
96661. 609. 896. colbergam· 647. 6666111.
961116666616 94. Spirensis 699. 1116161661 66. 96166166 669.
666616616616666 461. 9. 1116166116 6666. 86661. 646 66.
99. 966166 61 (16666141 6661. 86661666. 9161611616 6666. 694. 696. 647. 719.
646. 669. 9116616 769.
99. 966166 61 16661611 6661. 166 9116 66. 1161661666 196.
(1166616 969-967. 1116166666 967. 979. 66616616166611,
9661666 66. 1666166616 46. 1111166166, 9166666166.
9666666166 611.9. (166616 466 91616611 (166 96166166 671.
9666666166 611. 96111. 674. 9161666 0666666166616666-668919)
96666 178. -809
9. 9661161 6161666 674. 96666116 97. 70. 77. 81. 98. 191. 196
96611666 6166166 9611666161. 694-691. 149. 169. 166. 188. 996. 994. 949
6666616666 468. 944. 961. 978. 910. 916. 917. 999
96116666 66. 1116666616 419. 499. 984. 986. 987. 997. 4oe 466. 916.
9611111616 6161611666 S. 966166 116166. 611. 616. 691. 670. 697. 899. mhi«
676. 66611111616669616616166696616,
96111116 66. 9616616117 909. 1666166691616166619161166661,
9611111666.961661611666161661969. 9666161166, 0666611661.
96111166 66661166 994 monasterienses, mmmmm
96161166 6661111666 119. 967. 971. 666. 9611166666, 96111661-
6611666166611166 66661. 61666676. 666 1, 9666166166, ‘theodoricus 11,
Mediolanum 988. 416. 619. 6666966 96161166.
614. 66616166. wido, 1116661166, 9666166166 6666. 719.
(1666661666, Iordanum. 9666 666166 981.
9666666166 6661166. 1166166616 490. 9666 61166 981.
9661666616 66. 91616161. 99. 11661616 746. 746. 666. monum
9661666161 66. 96661616. 410. 161666661161666669116166166611.
96616666 61166 677. (16 96661661 61166 471.
9631666166 666. Momm 966. 969. 96616 6666166 667.
979. 889. 9666166666666 991.
1166166666 471. 9666116 11 996.
meginhardus 66. Png. 416. 679. 696. 1166666666 366
1161666166 66. [1611666616 44. 96616166, 9661616 608. 666. 664.
966161666661 6611611666. 661. 9611666666 666. 11161166, 9661666166
9666616661, 961616616611 66111661- 96616 749. 776.
burg. 609. 668. 9616166666 981. 6691666116.
Megenhardus 6666. 0661611166 69. 9666166666666, 9666611661, (xm
Meinungun 61666 97. 666911116661166, 11666,11616ιι666
9661666666 66. 1616166. 196. Neapolitanus 66616166 96.

9616 v. 16666161. 9616661666 1611666616 691. 770.

1

 

